900202499109200
900202303000973
900219001944316
900202302004253
900202499110562
900219001943974
900202302005212
900219001548164
900202302005969
900202302004541
900202302003858
900202303000240
900219001547349
900202302005038
900202499109652
900202302004000
900202302005207
900202302003909
900202303000750
900202303000936
900202303000799
900202302003252
900202303000523
156020226010202
900202499110982
900202302003853
900202302004718
900202499109096
900202303000652
900202303000621
900202499109378
900202303000926
900219001208770
900219001548187
900219001548267
900202302004753
900202303000998
900219001941919
900202303000203
900202397201835
900202302005838
900202302003769
900219001942254
900202302003159
900219001943808
900219001547964
900219001942147
900202302005188
900219001943893
900219001941755
900219001548050
900219001941345
900219001547477
900219001943532
900202302004358
156020226010349
900219001941668
900202303000431
900219001944119
900219001943427
900202302005379
900202302005134
900202302007041
900202302007390
900202302005264
900202302007160
900202303000136
900219001941360
900202302003592
900202303000298
900202499110509
900219001941951
900219001210475
900202302003211
900202302003986
900202302003938
900219001205133
900202499110775
900202303000587
900219001944051
900219001547350
900219001547462
900202499110926
900219001943466
900219001943772
900219001943666
900202302007345
900219001941610
900219001209387
900202499110176
900202499110396
900202302005760
900202302004891
900202302004506
900202499109940
900202302004337
900219001547669
900202302005458
900202302005230
900219001201559
900202302004040
900202499109517
900202302007353
900202302004763
900202302007368
900202302005355
900219001208824
900219001944071
900219001942206
900202499110993
156020226010047
900202499109983
900202303000251
900202303000668
900202499110942
900219001547830
900202302004101
900202302004857
900219001941746
900219001941526
999999999999999
900219001941494
900202397201905
900219001943562
900202397201999
900219001942250
900219001943410
900219001942134
900219001943674
900202303000946
900219001206546
900219001943530
900219001942070
900202302004642
900202499109146
900202302004572
900202499110057
900219001941398
900219001941393
900202302004041
900202302005548
900202302005763
900202302007028
900202302007244
900219001943571
900202302005521
900219001209413
900219001547351
900202499110160
900202302003891
900202499110007
900219001944042
900202499109596
900202303000604
900202303000859
900202303000713
900202499110594
900202499110412
900202499110401
900219001547354